{
  "GlobalObjectId_V1-2-20b8eb973b9574e91abcd784ebfaca0d-2003310785-0": {
    "GameObjectId": "GlobalObjectId_V1-2-20b8eb973b9574e91abcd784ebfaca0d-2003310785-0",
    "SectionColorRed": 0.5,
    "SectionColorGreen": 0.833333254,
    "SectionColorBlue": 1.0,
    "SectionAltColorRed": 0.125,
    "SectionAltColorGreen": 0.37499994,
    "SectionAltColorBlue": 0.5
  },
  "GlobalObjectId_V1-2-20b8eb973b9574e91abcd784ebfaca0d-1318003670-0": {
    "GameObjectId": "GlobalObjectId_V1-2-20b8eb973b9574e91abcd784ebfaca0d-1318003670-0",
    "SectionColorRed": 1.0,
    "SectionColorGreen": 0.5,
    "SectionColorBlue": 0.5,
    "SectionAltColorRed": 0.5,
    "SectionAltColorGreen": 0.125,
    "SectionAltColorBlue": 0.125
  },
  "GlobalObjectId_V1-2-20b8eb973b9574e91abcd784ebfaca0d-919274835-0": {
    "GameObjectId": "GlobalObjectId_V1-2-20b8eb973b9574e91abcd784ebfaca0d-919274835-0",
    "SectionColorRed": 0.8333335,
    "SectionColorGreen": 0.5,
    "SectionColorBlue": 1.0,
    "SectionAltColorRed": 0.375000119,
    "SectionAltColorGreen": 0.125,
    "SectionAltColorBlue": 0.5
  }
}